
























((0,2),(17,20)),((0,2),(22,25))
((8,10),(11,12))


((18,19),(21,25))


((8,11),(16,19))



((0,3),(6,8))













((0,1),(21,25)),((0,1),(13,15)),((0,1),(8,9)),((0,1),(17,20))
((44,48),(54,55))







((4,8),(20,23)),((4,8),(30,35))









((12,14),(19,22))













((24,27),(0,7)),((0,7),(24,27))



























((39,47),(1,3)),((1,3),(39,47)),((49,50),(1,3)),((7,10),(1,3)),((7,10),(49,50)),((7,10),(39,47)),((1,3),(49,50))
((4,5),(9,16))
((0,5),(6,15))

((3,4),(27,28)),((3,4),(38,41)),((0,2),(18,25)),((3,4),(18,25)),((0,2),(27,28)),((0,2),(12,14)),((3,4),(12,14)),((0,2),(38,41))
((24,27),(8,13))
((0,2),(9,11))
((13,15),(16,20))

((4,7),(19,25))
((17,21),(7,9)),((7,9),(23,30)),((23,30),(7,9)),((7,9),(17,21))



((4,6),(25,26)),((4,6),(14,15))



((29,31),(0,3)),((29,31),(11,22))
((2,4),(6,11))
((15,16),(26,27)),((9,10),(26,27))
((1,3),(8,13))


((1,9),(20,22)),((1,9),(12,18)),((12,18),(20,22))
((25,27),(0,2))
((4,5),(15,19)),((0,3),(20,22)),((4,5),(20,22)),((0,3),(6,10)),((4,5),(6,10)),((0,3),(15,19))
((6,14),(29,31))
((0,6),(7,8))


((12,14),(7,11))

((8,11),(16,18))


((13,15),(21,22))
((15,17),(6,8)),((15,17),(3,5)),((20,21),(6,8)),((20,21),(3,5))
((58,73),(84,87)),((110,112),(31,34)),((134,142),(53,57)),((110,112),(26,30)),((26,30),(53,57)),((12,22),(58,73)),((110,112),(134,142)),((110,112),(145,165)),((12,22),(110,112)),((84,87),(12,22)),((31,34),(58,73)),((134,142),(12,22)),((31,34),(110,112)),((84,87),(58,73)),((84,87),(110,112)),((134,142),(58,73)),((26,30),(58,73)),((145,165),(53,57)),((53,57),(110,112)),((31,34),(53,57)),((84,87),(31,34)),((12,22),(134,142)),((26,30),(110,112)),((12,22),(145,165)),((84,87),(26,30)),((58,73),(110,112)),((31,34),(134,142)),((134,142),(31,34)),((134,142),(26,30)),((110,112),(53,57)),((84,87),(134,142)),((31,34),(145,165)),((84,87),(145,165)),((12,22),(84,87)),((53,57),(134,142)),((53,57),(145,165)),((145,165),(12,22)),((26,30),(134,142)),((26,30),(145,165)),((58,73),(134,142)),((145,165),(58,73)),((31,34),(84,87)),((12,22),(53,57)),((58,73),(145,165)),((110,112),(12,22)),((53,57),(84,87)),((110,112),(58,73)),((145,165),(31,34)),((145,165),(26,30)),((26,30),(84,87)),((84,87),(53,57))
((12,13),(4,6)),((22,26),(4,6)),((32,34),(4,6))
((16,23),(28,30))
((2,4),(38,42)),((2,4),(26,30))



((7,12),(13,21))
((3,4),(20,21)),((20,21),(23,24)),((3,4),(23,24))
((9,13),(26,27)),((5,6),(9,13)),((5,6),(26,27))

((0,6),(7,12))
((0,3),(16,19))



((26,27),(4,16)),((20,24),(26,27)),((20,24),(4,16))

((1,3),(14,15)),((1,3),(16,17))
((1,2),(14,15)),((1,2),(19,23))

((19,26),(0,3))





((14,17),(23,26))

((0,1),(6,7))


((4,7),(11,14))
((4,5),(7,8))
((1,2),(8,13))
((2,5),(7,10))


((8,12),(19,25))

((27,29),(12,13))
((0,1),(9,10)),((2,3),(13,18)),((0,1),(13,18)),((2,3),(9,10))
((7,13),(17,19)),((0,3),(7,13))
((8,9),(17,21)),((1,5),(17,21)),((10,11),(17,21))
((3,8),(25,33)),((13,16),(25,33)),((17,22),(25,33)),((3,8),(13,16))
((9,10),(28,29)),((28,29),(9,10))
